255,255,255
255,255,255
255,255,255
255,255,255
89,125,39
109,153,48
127,178,56
109,153,48
174,164,115
213,201,140
247,233,163
213,201,140
117,117,117
144,144,144
167,167,167
144,144,144
180,0,0
220,0,0
255,0,0
220,0,0
112,112,180
138,138,220
160,160,255
138,138,220
117,117,117
144,144,144
167,167,167
144,144,144
0,87,0
0,106,0
0,124,0
0,106,0
180,180,180
220,220,220
255,255,255
220,220,220
115,118,129
141,144,158
164,168,184
141,144,158
129,74,33
157,91,40
183,106,47
157,91,40
79,79,79
96,96,96
112,112,112
96,96,96
45,45,180
55,55,220
64,64,255
55,55,220
73,58,35
89,71,43
104,83,50
89,71,43
176,176,176
216,216,216
250,250,250
216,216,216
149,87,35
182,107,43
212,124,50
182,107,43
123,52,149
150,64,182
175,74,212
150,64,182
71,106,149
86,129,182
100,150,212
86,129,182
158,158,35
193,193,43
224,224,50
193,193,43
87,141,17
107,173,21
124,200,24
107,173,21
167,87,114
204,107,139
237,124,162
204,107,139
52,52,52
64,64,64
74,74,74
64,64,64
106,106,106
129,129,129
150,150,150
129,129,129
52,87,106
64,107,129
74,124,150
64,107,129
87,43,123
107,53,150
124,62,175
107,53,150
35,52,123
43,64,150
50,74,175
43,64,150
71,42,35
86,64,43
100,74,50
86,64,43
71,87,35
86,107,43
100,124,50
86,107,43
106,35,35
129,43,43
150,50,50
129,43,43
17,17,17
21,21,21
24,24,24
21,21,21
173,165,53
211,201,65
245,233,75
211,201,65
63,151,147
77,184,179
90,215,209
77,184,179
51,88,176
62,108,216
73,125,250
62,108,216
0,150,39
0,183,49
0,213,57
0,183,49
14,14,21
18,17,25
21,20,30
18,17,25
77,1,0
94,1,0
110,2,0
94,1,0
